# This file may be used to create an environment using:
# $ conda create --name <env> --file <this file>
# platform: win-64
asttokens=2.4.1=pyhd8ed1ab_0
backcall=0.2.0=pyh9f0ad1d_0
beautifulsoup4=4.12.3=pypi_0
bs4=0.0.2=pypi_0
ca-certificates=2024.7.4=h56e8100_0
certifi=2024.7.4=pypi_0
charset-normalizer=3.3.2=pypi_0
colorama=0.4.6=pyhd8ed1ab_0
comm=0.2.2=pyhd8ed1ab_0
debugpy=1.6.7=py39hd77b12b_0
decorator=5.1.1=pyhd8ed1ab_0
executing=2.0.1=pyhd8ed1ab_0
filelock=3.15.4=pypi_0
fsspec=2024.6.1=pypi_0
huggingface-hub=0.24.5=pypi_0
idna=3.7=pypi_0
importlib-metadata=8.2.0=pyha770c72_0
importlib_metadata=8.2.0=hd8ed1ab_0
iprogress=0.4=pypi_0
ipykernel=6.29.5=pyh4bbf305_0
ipython=8.12.0=pyh08f2357_0
jedi=0.19.1=pyhd8ed1ab_0
jinja2=3.1.4=pypi_0
joblib=1.4.2=pypi_0
jupyter_client=8.6.2=pyhd8ed1ab_0
jupyter_core=5.7.2=py39hcbf5309_0
libsodium=1.0.18=h8d14728_1
markupsafe=2.1.5=pypi_0
matplotlib-inline=0.1.7=pyhd8ed1ab_0
mpmath=1.3.0=pypi_0
nest-asyncio=1.6.0=pyhd8ed1ab_0
networkx=3.2.1=pypi_0
numpy=2.0.1=pypi_0
openssl=3.0.14=h827c3e9_0
packaging=24.1=pyhd8ed1ab_0
pandas=2.2.2=pypi_0
parso=0.8.4=pyhd8ed1ab_0
pickleshare=0.7.5=py_1003
pillow=10.2.0=pypi_0
pip=24.0=py39haa95532_0
platformdirs=4.2.2=pyhd8ed1ab_0
prompt-toolkit=3.0.47=pyha770c72_0
prompt_toolkit=3.0.47=hd8ed1ab_0
psutil=5.9.0=py39h2bbff1b_0
pure_eval=0.2.3=pyhd8ed1ab_0
pygments=2.18.0=pyhd8ed1ab_0
python=3.9.19=h1aa4202_1
python-dateutil=2.9.0=pyhd8ed1ab_0
python_abi=3.9=2_cp39
pytorch-cuda=12.1=pypi_0
pytz=2024.1=pypi_0
pywin32=305=py39h2bbff1b_0
pyyaml=6.0.2=pypi_0
pyzmq=24.0.1=py39hea35a22_1
regex=2024.7.24=pypi_0
requests=2.32.3=pypi_0
safetensors=0.4.4=pypi_0
scikit-learn=1.5.1=pypi_0
scipy=1.13.1=pypi_0
setuptools=72.1.0=py39haa95532_0
six=1.16.0=pyh6c4a22f_0
soupsieve=2.5=pypi_0
sqlite=3.45.3=h2bbff1b_0
stack_data=0.6.2=pyhd8ed1ab_0
sympy=1.13.1=pypi_0
threadpoolctl=3.5.0=pypi_0
tokenizers=0.19.1=pypi_0
torch=2.4.0+cu118=pypi_0
torchaudio=2.4.0+cu118=pypi_0
torchvision=0.19.0+cu118=pypi_0
tornado=6.2=py39ha55989b_1
tqdm=4.66.5=pypi_0
traitlets=5.14.3=pyhd8ed1ab_0
transformers=4.44.0=pypi_0
typing_extensions=4.12.2=pyha770c72_0
tzdata=2024.1=pypi_0
ucrt=10.0.22621.0=h57928b3_0
urllib3=2.2.2=pypi_0
vc=14.40=h2eaa2aa_0
vs2015_runtime=14.40.33807=h98bb1dd_0
wcwidth=0.2.13=pyhd8ed1ab_0
wheel=0.43.0=py39haa95532_0
zeromq=4.3.4=h0e60522_1
zipp=3.19.2=pyhd8ed1ab_0
